0,441
6,7
8,14
8,13
8,12
8,11
6,6
6,5
12,14
0,440
12,13
12,12
8,10
28,6
8,9
8,8
8,7
8,6
8,5
8,4
31,9
31,8
28,5
28,4
27,5
27,4
27,3
27,2
27,1
27,0
24,3
24,2
24,1
24,0
23,7
23,6
23,5
23,4
23,3
23,2
23,1
23,0
20,3
20,2
20,1
20,0
19,7
19,6
19,5
19,4
19,3
19,2
19,1
19,0
16,3
16,2
16,1
16,0
15,6
15,5
15,4
15,3
15,2
15,1
15,0
12,11
12,10
12,9
12,8
12,7
12,6
12,5
12,4
12,3
12,2
12,1
12,0
9,3
9,2
9,1
9,0
8,3
8,2
8,1
8,0
7,5
7,4
7,3
7,2
7,1
7,0
6,4
6,3
6,2
6,1
6,0
5,3
5,2
5,1
5,0
4,3
4,2
4,1
4,0
3,6
3,5
3,4
3,3
3,2
3,1
3,0
2,5
2,4
2,2
1,2
0,408
2,9
2,6
0,322
2,7
0,243
0,438
1,1
1,3
1,0
2,1
2,8
2,3
2,0
0,9
0,310
0,305
0,308
0,304
0,303
0,302
0,307
0,12
0,437
0,10
0,8
0,0
0,410
0,300
0,409
0,299
0,407
0,298
0,406
0,297
0,430
0,296
0,405
0,295
0,404
0,294
0,403
0,293
0,429
0,292
0,401
0,291
0,400
0,290
0,402
0,289
0,399
0,288
0,398
0,287
0,397
0,286
0,396
0,285
0,395
0,284
0,394
0,283
0,428
0,282
0,393
0,281
0,392
0,280
0,391
0,279
0,436
0,278
0,390
0,277
0,389
0,276
0,388
0,275
0,427
0,274
0,387
27,6
27,7
28,1
28,2
31,0
31,1
31,3
31,5
31,6
32,0
32,1
32,3
34,1
34,2
34,4
34,5
35,1
35,2
35,4
36,0
36,1
36,3
37,0
37,2
37,4
38,0
38,2
38,3
39,0
39,1
39,3
40,0
40,1
40,3
40,4
41,1
41,3
41,4
42,1
42,2
42,4
42,5
43,1
43,3
43,4
43,6
44,0
44,2
44,4
45,0
45,2
45,3
45,5
46,0
46,1
46,3
46,4
47,0
47,1
47,3
47,5
48,0
48,2
48,3
48,5
49,1
49,2
49,4
50,0
50,2
50,3
50,5
51,1
51,2
51,4
52,0
52,2
52,4
52,5
53,1
53,2
54,0
54,1
54,3
54,5
54,6
55,1
55,2
55,4
56,1
56,2
56,4
56,5
57,1
57,3
57,2
57,0
56,3
56,0
55,3
55,0
54,4
54,2
53,3
53,0
52,3
52,1
51,3
51,0
50,4
50,1
49,3
49,0
48,4
48,1
47,4
47,2
46,5
46,2
45,6
45,4
45,1
44,3
44,1
43,5
43,2
43,0
42,3
42,0
41,2
41,0
40,2
39,4
39,2
38,4
38,1
37,3
37,1
36,2
35,5
35,3
35,0
34,3
34,0
32,2
31,7
31,4
31,2
28,3
28,0
0,273
0,386
0,272
0,385
0,271
0,384
0,270
0,426
0,269
0,425
0,268
0,383
0,267
0,382
0,266
0,381
0,265
0,380
0,264
0,424
0,263
0,435
0,262
0,379
0,261
0,378
0,260
0,377
0,259
0,376
0,258
0,423
0,257
0,422
0,256
0,375
0,255
0,374
0,254
0,373
0,253
0,372
0,252
0,421
0,251
0,420
0,250
0,371
0,249
0,370
0,248
0,369
0,247
0,368
0,246
0,419
0,245
0,439
0,244
0,366
0,242
0,365
0,241
0,367
0,240
0,364
0,239
0,363
0,238
0,362
0,237
0,361
0,236
0,360
0,235
0,359
0,234
0,418
0,233
0,358
0,232
0,357
0,231
0,356
0,230
0,417
0,229
0,354
0,228
0,353
0,227
0,355
0,226
0,352
0,225
0,351
0,224
0,350
0,223
0,349
0,222
0,348
0,221
0,347
0,220
0,416
0,219
0,346
0,218
0,345
0,217
0,344
0,216
0,415
0,215
0,343
0,214
0,342
0,213
0,341
0,212
0,340
0,211
0,339
0,210
0,338
0,209
0,337
0,208
0,336
0,207
0,335
0,206
0,414
0,205
0,334
0,204
0,333
0,203
0,332
0,202
0,331
0,201
0,434
0,200
0,413
0,199
0,330
0,198
0,329
0,197
0,328
0,196
0,327
0,195
0,412
0,194
0,411
0,193
0,326
0,192
0,325
0,63
0,324
0,62
0,433
0,61
0,323
0,60
0,321
0,59
0,320
0,58
0,319
0,57
0,432
0,56
0,431
0,55
0,318
0,54
0,317
0,53
0,316
0,52
0,315
0,51
0,314
0,50
0,313
0,49
0,312
0,48
0,311
0,47
0,309
0,46
0,306
0,45
0,301
0,6
0,5
0,1
0,11
0,4
0,2
0,3
0,7
